0 0.9507828950881958 0.4999578317006429 0.7569764852523804 0.012945969899495443 0.018876028060913087
0 0.9086558222770691 0.5930730819702148 0.7515683650970459 0.013642374674479167 0.01847991943359375
0 0.7589750289916992 0.5797402381896972 0.7540825605392456 0.023365338643391926 0.03192868232727051
0 0.6978054046630859 0.5413686275482178 0.7651467323303223 0.06845216751098633 0.0630401611328125
0 0.3519735634326935 0.6024742762247721 0.7470827579498291 0.015825398763020835 0.016785907745361327
0 0.10051929950714111 0.5869105021158855 0.7517733097076416 0.024311192830403647 0.020915985107421875
0 0.08021464198827744 0.5793966929117839 0.7642462968826294 0.029287211100260415 0.05229372978210449
0 0.08002904057502747 0.57828369140625 0.7467547416687011 0.02100346883138021 0.016973876953125
0 0.07919211685657501 0.5675301551818848 0.7644434452056885 0.010949516296386718 0.052813720703125
0 0.06565295159816742 0.48439769744873046 0.5494109630584717 0.06662699381510416 0.04377412796020508
0 0.06142943724989891 0.1795278787612915 0.7645879268646241 0.015424553553263347 0.012262725830078125
0 0.054983872920274734 0.6180065790812175 0.5403953075408936 0.0965905507405599 0.03415117263793945
2 0.9060523509979248 0.25784314473470055 0.7425601243972778 0.00837539037068685 0.036394929885864256
2 0.5480212569236755 0.30525166193644204 0.7051767587661744 0.01685504913330078 0.04178986549377441
2 0.21563337743282318 0.31294143994649254 0.7077517032623291 0.011175823211669923 0.044600391387939455
2 0.1858994960784912 0.3059584458669027 0.7028453826904297 0.022191206614176433 0.0955998420715332
2 0.09512939304113388 0.844165293375651 0.5692384958267211 0.057037099202473955 0.22136321067810058
2 0.08394785225391388 0.30500396092732746 0.6859905242919921 0.01775519053141276 0.04230623245239258
2 0.06558655947446823 0.8454809824625651 0.5323366641998291 0.03456471761067708 0.13300104141235353
2 0.05930546671152115 0.8883354822794597 0.49638540744781495 0.04999758402506511 0.06812386512756348
3 0.938504159450531 0.7377135594685872 0.7773161888122558 0.03272806803385417 0.08111095428466797
4 0.16287733614444733 0.7574329058329264 0.7621028900146485 0.010075060526529948 0.050591564178466795
5 0.9532482028007507 0.5382426897684733 0.7336119651794434 0.06443182627360027 0.12647247314453125
5 0.07271116226911545 0.7298148155212403 0.7144864559173584 0.05736459096272786 0.1480710029602051