0 0.9983066320419312 0.6512515385945638 0.860918116569519 0.3933111826578776 0.2781637668609619
0 0.9982540011405945 0.8896113713582356 0.8594645738601685 0.22077725728352865 0.27336993217468264
0 0.9862630367279053 0.6652832984924316 0.7916957855224609 0.10168577829996744 0.06404266357421876
0 0.9121381640434265 0.18883827527364094 0.7470474958419799 0.038649590810139973 0.038684511184692384
0 0.9004364013671875 0.7849683125813802 0.7794661045074462 0.0833807627360026 0.06295843124389648
0 0.8306410908699036 0.5686028162638347 0.7853325843811035 0.11866569519042969 0.05543460845947266
0 0.8234671354293823 0.547431214650472 0.7886401414871216 0.14369322458902994 0.08668780326843262
0 0.7519262433052063 0.7986690203348795 0.861803674697876 0.32556743621826173 0.2754055976867676
0 0.6666794419288635 0.5144139130910238 0.785221791267395 0.07802133560180664 0.11404528617858886
0 0.6417892575263977 0.4833601792653402 0.7689894199371338 0.025410048166910806 0.04517011642456055
0 0.4003946781158447 0.6087852478027344 0.7773396968841553 0.048134994506835935 0.031984996795654294
0 0.3767388164997101 0.4958096186319987 0.7878942966461182 0.04288838704427083 0.10409727096557617
0 0.32301896810531616 0.15321059226989747 0.7482186079025268 0.11267992655436197 0.04587950706481934
0 0.23607920110225677 0.13172687689463297 0.7500653028488159 0.03838880856831869 0.04001736640930176
0 0.2133011668920517 0.5953815460205079 0.781654953956604 0.07774556477864583 0.046095991134643556
0 0.18680110573768616 0.7262151718139649 0.7962367057800293 0.03083203633626302 0.03469066619873047
0 0.16559450328350067 0.4859656810760498 0.7868121147155762 0.032627073923746745 0.07589778900146485
0 0.15219807624816895 0.7131888707478841 0.7971582889556885 0.01745465596516927 0.03203535079956055
0 0.11608516424894333 0.28442474206288654 0.7487536668777466 0.05729511578877767 0.030046987533569335
0 0.1115628182888031 0.5539769490559896 0.8096140384674072 0.18825276692708334 0.1473017692565918
0 0.11147290468215942 0.45244089762369794 0.7659578800201416 0.0939202626546224 0.056950855255126956
0 0.10228878259658813 0.1582842508951823 0.8248131513595581 0.29530779520670575 0.3222080707550049
0 0.09288226813077927 0.7262303988138835 0.7867286682128907 0.033096631368001304 0.017871570587158204
0 0.08636097609996796 0.7865866978963216 0.7943200588226318 0.11099395751953126 0.0974238395690918
0 0.08597899973392487 0.46801422437032064 0.7552475690841675 0.01871500015258789 0.028379392623901368
0 0.08334431797266006 0.5990609169006348 0.7896856069564819 0.047984377543131514 0.05672135353088379
0 0.08139031380414963 0.41450284322102865 0.7689109325408936 0.06041367848714193 0.06970186233520508
0 0.08027876168489456 0.4735812346140544 0.7484737396240234 0.01678743362426758 0.02631549835205078
0 0.0801624208688736 0.80976988474528 0.7850362539291382 0.05671831766764323 0.07482380867004394
0 0.07248073816299438 0.4391488552093506 0.7393126010894775 0.016106255849202476 0.02562103271484375
0 0.06959190219640732 0.7477143923441569 0.8015250444412232 0.06704603830973307 0.07344069480895996
0 0.06532219052314758 0.4913720766703288 0.7391040086746216 0.012484041849772136 0.018787240982055663
0 0.06517654657363892 0.7326346397399902 0.7935688734054566 0.174174435933431 0.07564072608947754
0 0.05957422032952309 0.18530854384104412 0.7379778385162353 0.026900847752888996 0.024200439453125
0 0.05850968882441521 0.5021178722381592 0.7351259708404541 0.017783196767171223 0.01970062255859375
0 0.056315742433071136 0.7205155690511068 0.7996574401855469 0.04602457682291667 0.054768943786621095
0 0.054035332053899765 0.48875961303710935 0.7542151689529419 0.020317268371582032 0.019264364242553712
0 0.05149364471435547 0.4886664708455404 0.7719729661941528 0.045819600423177086 0.06583037376403808
0 0.05032764747738838 0.7066036860148112 0.7958840370178223 0.030481465657552085 0.03787250518798828
2 0.9787915945053101 0.08540870745976765 0.5734234094619751 0.026703127225240073 0.0965151309967041
2 0.8733625411987305 0.9329192161560058 0.5425792694091797 0.1341615676879883 0.2524691581726074
2 0.32074156403541565 0.4206956545511881 0.6969603776931763 0.007845751444498698 0.03534178733825684
2 0.3108840882778168 0.5980718930562338 0.7169408559799194 0.030200640360514324 0.013303518295288086
2 0.19868220388889313 0.08129591544469197 0.5926635265350342 0.023429306348164876 0.05254659652709961
2 0.17901413142681122 0.08071563641230266 0.6039728164672852 0.020211164156595865 0.0279205322265625
2 0.0897119790315628 0.9635880788167318 0.5614721775054932 0.0588470458984375 0.057282543182373045
2 0.05744408816099167 0.9363181749979655 0.5823188066482544 0.12308368682861329 0.12314009666442871
3 0.17301729321479797 0.49115482966105145 0.7388023376464844 0.012616475423177084 0.021153736114501952
3 0.10732412338256836 0.5022419293721517 0.7339205741882324 0.018270174662272137 0.0260406494140625
3 0.08238784223794937 0.6069661458333333 0.7831645011901855 0.041283671061197916 0.05230712890625
3 0.05544714257121086 0.561357831954956 0.788292407989502 0.07280588150024414 0.07034149169921874
5 0.07054809480905533 0.7851737022399903 0.7790392398834228 0.07268238067626953 0.06264829635620117
6 0.09143263101577759 0.7858789126078288 0.775779414176941 0.06759446461995443 0.058298158645629886