0 0.9994932413101196 0.7105363527933757 0.84043869972229 0.382734489440918 0.31734209060668944
0 0.9962324500083923 0.4921178658803304 0.791094446182251 0.06796935399373373 0.08267946243286133
0 0.6013363003730774 0.5433653513590495 0.7722270965576172 0.015528361002604166 0.019146442413330078
0 0.3686908185482025 0.5880441347757975 0.7770883083343506 0.10145066579182943 0.08011560440063477
0 0.2317078709602356 0.6089580217997234 0.7547312021255493 0.016030057271321615 0.01364912986755371
0 0.19591796398162842 0.5704017321268717 0.7736375570297241 0.046438407897949216 0.10006165504455566
0 0.16056349873542786 0.5937559127807617 0.7566372632980347 0.01360333760579427 0.014322042465209961
0 0.13228638470172882 0.5326374848683675 0.7707721710205078 0.012597878774007162 0.019170856475830077
0 0.12978580594062805 0.5541604042053223 0.7758436679840088 0.010102653503417968 0.03109283447265625
0 0.1290367692708969 0.5408692042032878 0.7472290992736816 0.032233810424804686 0.033238983154296874
0 0.12364794313907623 0.5222165902455648 0.7806570529937744 0.021748065948486328 0.05111970901489258
0 0.11175130307674408 0.5437713781992595 0.7752809762954712 0.024595355987548827 0.01897110939025879
0 0.110310398042202 0.5119306882222493 0.78053138256073 0.05007305145263672 0.05554184913635254
0 0.10676271468400955 0.5376609802246094 0.75987229347229 0.03443743387858073 0.05531158447265625
0 0.10324321687221527 0.5561482429504394 0.7669078826904296 0.01423816680908203 0.057047557830810544
0 0.0890541598200798 0.5236572742462158 0.7696901082992553 0.023013210296630858 0.025040292739868165
0 0.08834829926490784 0.6004946390787761 0.7580807447433472 0.025084940592447917 0.014111661911010742
0 0.0877641960978508 0.5410831769307455 0.744469141960144 0.019590187072753906 0.022014951705932616
0 0.07485387474298477 0.5602019627888998 0.77891047000885 0.054889806111653644 0.06902728080749512
0 0.07033513486385345 0.562242062886556 0.7774434804916381 0.019068527221679687 0.07687745094299317
0 0.06531426310539246 0.5738302548726399 0.7685286045074463 0.049647585550944014 0.03500032424926758
0 0.05298883840441704 0.5294932683308919 0.767498779296875 0.013304773966471355 0.03362407684326172
0 0.05223281309008598 0.5410783926645915 0.7570436000823975 0.016912555694580077 0.04129638671875
0 0.05010318383574486 0.516890001296997 0.7913368701934814 0.013726902008056641 0.0774714469909668
1 0.12789064645767212 0.9979894002278645 0.02145710289478302 0.004019927978515625 0.041941553354263306
2 0.29355302453041077 0.9979844093322754 0.02094804644584656 0.004008165995279948 0.04178177118301392
3 0.09315403550863266 0.5536225954691569 0.7635871171951294 0.012152926127115885 0.06347088813781739
4 0.05380825325846672 0.5508747736612956 0.7461553812026978 0.00968475341796875 0.036759805679321286
5 0.17152710258960724 0.5392810185750325 0.7484289646148682 0.021094894409179686 0.034450531005859375
6 0.1837308704853058 0.5392864545186361 0.7472323417663574 0.02212975819905599 0.0335235595703125